Promoted Exp. Chart
-------------------

                Master      Arch     Beast     Black      Arch  H. Priest
LV    Knight    Archer     Druid    Master     Guard     Magus   & Necro.
-------------------------------------------------------------------------
02)     72000     72000     92000     72000     70000     92000     80000
03)    140000    140000    192000    140000    137000    192000    163000
04)    251000    251000    351000    251000    244000    351000    294000
05)    412000    412000    584000    412000    399000    584000    486000
06)    633000    633000    905000    633000    614000    905000    751000
07)    926000    926000   1330000    926000    897000   1330000   1101000
08)   1302000   1302000   1876000   1302000   1261000   1876000   1550000
09)   1774000   1774000   2559000   1774000   1717000   2559000   2113000
10)   2353000   2353000   3400000   2353000   2278000   3400000   2805000
11)   3055000   3055000   4419000   3055000   2958000   4419000   3644000
12)   3893000   3893000   5635000   3893000   3769000   5635000   4645000
13)   4884000   4884000   7072000   4884000   4727000   7072000   5828000
14)   6042000   6042000   8753000   6042000   5848000   8753000   7211000
15)   7384000   7384000  10701000   7384000   7147000  10701000   8814000
16)   8929000   8929000  12943000   8929000   8642000  12943000  10659000
17)  10694000  10694000  15504000  10694000  10350000  15504000  12767000
18)  12698000  12698000  18413000  12698000  12290000  18413000  15161000
19)  14961000  14961000  21698000  14961000  14480000  21698000  17864000
20)  17504000  17504000  25388000  17504000  16940000  25388000  20900000
21)  20347000  20347000  29515000  20347000  19692000  29515000  24296000
22)  23513000  23513000  34110000  23513000  22756000  34110000  28077000
23)  27024000  27024000  39207000  27024000  26154000  39207000  32270000
24)  30904000  30904000  44838000  30904000  29908000  44838000  36903000
25)  35176000  35176000  51040000  35176000  34043000  51040000  42006000
26)  39867000  39867000  57848000  39867000  38582000  57848000  47607000
27)  45001000  45001000  65301000  45001000  43551000  65301000  53738000
28)  50605000  50605000  73435000  50605000  48974000  73435000  60430000
29)  56706000  56706000  82291300  56706000  54878000  82291000  67715000
30)  63332000  63332000  91908000  63332000  61290000  91908000  75627000
31)  70511000  70511000 102330000  70511000  68238000 102330000  84201000
32)  78274000  78274000 113598000  78274000  75751000 113598000  93470000
33)  86649000  86649000 125755000  86649000  83856000 125755000 103471000
34)  95669000  95669000 138848000  95669000  92585000 138848000 114241000
35) 105364000 105364000 152921000 105364000 101967000 152921000 125818000
36) 115767000 115767000 168022000 115767000 112035000 168022000 138240000
37) 126912000 126912000 184199000 126912000 122820000 184199000 151547000
38) 138831000 138831000 201500000 138831000 134354000 201500000 165779000
39) 151560000 151560000 219977000 151560000 146673000 219977000 180977000
40) 165133000 165133000 239680000 165133000 159808000 239680000 197184000
41) 179588000 179588000 260663000 179588000 173797000 260663000 214443000
42) 194960000 194960000 282977000 194960000 188673000 282977000 232798000
43) 211288000 211288000 306780000 211288000 204474000 306678000 252293000
44) 228609000 228609000 331821000 228609000 221237000 331821000 272975000
45) 246964000 246964000 358464000 246964000 238999000 358464000 294889000
46) 266390000 266390000 386664000 266390000 257799000 386664000 318084000
47) 286930000 286930000 416479000 286930000 277677000 416479000 342608000
48) 308624000 308624000 447970000 308624000 298671000 447970000 368510000
49) 331515000 331515000 481198000 331515000 320823000 481198000 395840000
50) 355644000 355644000 516224000 355644000 344174000 516224000 424649000
